0000000101100101011100011	
0000001011001010111000110	
0000010000110000010101001
0000010110010101110001100
0000011011111011001110000
0000100001100000101010101
0000100111000110000110101
0000101100101011100010101
0000110010010000111111111
0100110111110110011011111
0100111101011011110111111
0101000011000001010101010
0101001000100110110001010
0101001110001100001101010
0101010011110001101001001
0101011001010111000110100
0101011110111100100010100
0101100100100001111110100	
1001101010000111011011110
1001101111101100110111110
1001110101010010010011110
1001111010110111101111110
1010000000011101001101001
1010000110000010101001001
1010001011101000000101001
1010010001001101100010011
1010010110110010111110011	
1110011100011000011010011
1110100001111101110110011
1110100111100011010011101
1110101101001000101111101
1110110010101110001011101
1110111000010011101001000
1110111101111001000101000
1111000011011110100001000
1111001001000011111110010